mpi_nma_channeldelay_1000ms 0 Modular 7.304 3483376.0 22.25713 1 0
mpi_nma_channeldelay_1000ms 1 Modular 7.304 3483376.0 22.359875000000002 2 0
mpi_nma_channeldelay_1000ms 2 Modular 7.218999999999999 3483376.0 22.311063333299998 3 0
mpi_nma_channeldelay_1000ms 3 Modular 7.1419999999999995 3483376.0 22.6509483333 4 0
mpi_nma_channeldelay_1000ms 4 Modular 7.161 3483376.0 22.60185 5 0
mpi_nma_channeldelay_1000ms 5 Modular 7.2170000000000005 3483376.0 22.4620466667 6 0
mpi_nma_channeldelay_1000ms 6 Modular 7.109999999999999 3483376.0 22.72907 7 0
mpi_nma_channeldelay_1000ms 7 Modular 7.1370000000000005 3483376.0 22.6626016667 8 0
mpi_nma_channeldelay_1000ms 8 Modular 7.192 3483376.0 22.5291566667 9 0
mpi_nma_channeldelay_1000ms 9 Modular 7.104000000000001 3483376.0 22.746266666700002 10 0
mpi_nma_channeldelay_1000ms 10 Modular 7.182 3483376.0 22.5320333333 15 0
mpi_nma_channeldelay_1000ms 11 Modular 7.129 3483376.0 22.6729033333 20 0
mpi_nma_channeldelay_1000ms 12 Modular 7.2010000000000005 3483376.0 22.4986333333 25 0
mpi_nma_channeldelay_1000ms 13 Modular 7.138 3483376.0 22.6610083333 30 0
mpi_nma_channeldelay_1000ms 14 Modular 7.1770000000000005 3483376.0 22.563679999999998 35 0
mpi_nma_channeldelay_1000ms 15 Modular 7.1080000000000005 3483376.0 22.7254483333 40 0
mpi_nma_channeldelay_1000ms 16 Modular 7.128 3483376.0 22.681538333299997 45 0
mpi_nma_channeldelay_1000ms 17 Modular 7.236 3483376.0 22.419363333299998 50 0
mpi_nma_channeldelay_1000ms 18 Modular 7.144 3483376.0 22.636255 60 0
mpi_nma_channeldelay_1000ms 19 Modular 7.116 3483376.0 22.7134216667 70 0
mpi_nma_channeldelay_1000ms 20 Modular 7.254 3483376.0 22.3706266667 80 0
mpi_nma_channeldelay_1000ms 21 Modular 7.143 3483376.0 22.635256666700002 90 0
mpi_nma_channeldelay_1000ms 22 Modular 7.154999999999999 3483376.0 22.6172766667 100 0
mpi_nma_channeldelay_1000ms 23 Modular 7.141 3483376.0 22.655825 200 0
mpi_nma_channeldelay_1000ms 24 Modular 7.122 3483376.0 22.695055 300 0
mpi_nma_channeldelay_1000ms 25 Modular 7.131 3483376.0 22.6749083333 400 0
mpi_nma_channeldelay_1000ms 26 Modular 7.132 3483376.0 22.67956 500 0
mpi_nma_channeldelay_1000ms 0 Monolithic 6.337 1750023.0 24.889406666699998 1 0
mpi_nma_channeldelay_1000ms 1 Monolithic 6.204000000000001 1750023.0 27.97135 2 0
mpi_nma_channeldelay_1000ms 2 Monolithic 6.429 1750023.0 24.576856666700003 3 0
mpi_nma_channeldelay_1000ms 3 Monolithic 6.318999999999999 1750023.0 24.943245 4 0
mpi_nma_channeldelay_1000ms 4 Monolithic 6.523999999999999 1750023.0 24.2064616667 5 0
mpi_nma_channeldelay_1000ms 5 Monolithic 6.332 1750023.0 24.8346366667 6 0
mpi_nma_channeldelay_1000ms 6 Monolithic 6.429 1750023.0 24.6393 7 0
mpi_nma_channeldelay_1000ms 7 Monolithic 6.306000000000001 1750023.0 25.0428733333 8 0
mpi_nma_channeldelay_1000ms 8 Monolithic 6.305999999999999 1750023.0 24.926275 9 0
mpi_nma_channeldelay_1000ms 9 Monolithic 6.274000000000001 1750023.0 27.767845 10 0
mpi_nma_channeldelay_1000ms 10 Monolithic 6.2490000000000006 1750023.0 27.86661 15 0
mpi_nma_channeldelay_1000ms 11 Monolithic 6.232 1750023.0 27.914305 20 0
mpi_nma_channeldelay_1000ms 12 Monolithic 6.300000000000001 1750023.0 24.9905566667 25 0
mpi_nma_channeldelay_1000ms 13 Monolithic 6.284000000000001 1750023.0 25.1201866667 30 0
mpi_nma_channeldelay_1000ms 14 Monolithic 6.269 1750023.0 27.78885 35 0
mpi_nma_channeldelay_1000ms 15 Monolithic 6.304 1750023.0 24.927165000000002 40 0
mpi_nma_channeldelay_1000ms 16 Monolithic 6.413 1750023.0 24.58122 45 0
mpi_nma_channeldelay_1000ms 17 Monolithic 6.4 1750023.0 24.7765833333 50 0
mpi_nma_channeldelay_1000ms 18 Monolithic 6.286 1750023.0 25.04831 60 0
mpi_nma_channeldelay_1000ms 19 Monolithic 6.269 1750023.0 27.787345 70 0
mpi_nma_channeldelay_1000ms 20 Monolithic 6.275 1750023.0 27.77832 80 0
mpi_nma_channeldelay_1000ms 21 Monolithic 6.302999999999999 1750023.0 24.928205 90 0
mpi_nma_channeldelay_1000ms 22 Monolithic 6.268 1750023.0 27.799595 100 0
mpi_nma_channeldelay_1000ms 23 Monolithic 6.313 1750023.0 24.966900000000003 200 0
mpi_nma_channeldelay_1000ms 24 Monolithic 6.231999999999999 1750023.0 27.933459999999997 300 0
mpi_nma_channeldelay_1000ms 25 Monolithic 6.259 1750023.0 27.81767 400 0
mpi_nma_channeldelay_1000ms 26 Monolithic 6.256 1750023.0 27.84498 500 0
