mpi_nma_channeldelay_1000ms 0 Modular 1796.98 1801683355.0 0.1183221152806 100 0
mpi_nma_channeldelay_1000ms 1 Modular 901.9549999999999 901683355.0 0.240257603355 200 0
mpi_nma_channeldelay_1000ms 2 Modular 601.44 601683355.0 0.3577095636255 300 0
mpi_nma_channeldelay_1000ms 3 Modular 500.649 451683355.0 0.413261218348 400 0
mpi_nma_channeldelay_1000ms 4 Modular 365.12199999999996 361683355.0 0.5650205423954999 500 0
mpi_nma_channeldelay_1000ms 5 Modular 303.943 301683355.0 0.6757328409860001 600 0
mpi_nma_channeldelay_1000ms 6 Modular 259.64300000000003 258826213.0 0.7248839545 700 0
mpi_nma_channeldelay_1000ms 7 Modular 228.601 226683355.0 0.905603616316 800 0
mpi_nma_channeldelay_1000ms 8 Modular 205.447 201683356.0 1.0127987785550001 900 0
mpi_nma_channeldelay_1000ms 9 Modular 185.239 181683355.0 1.097738119368 1000 0
mpi_nma_channeldelay_1000ms 10 Modular 175.727 165319720.0 1.1683906559305 1100 0
mpi_nma_channeldelay_1000ms 11 Modular 154.88299999999998 151683355.0 1.3068410927585 1200 0
mpi_nma_channeldelay_1000ms 12 Modular 143.005 140144896.0 1.3089517120915 1300 0
mpi_nma_channeldelay_1000ms 13 Modular 132.787 130254784.0 1.5137267264635 1400 0
mpi_nma_channeldelay_1000ms 14 Modular 125.03800000000001 121683355.0 1.65158711129 1500 0
mpi_nma_channeldelay_1000ms 15 Modular 125.547 121683355.0 1.6079194645114998 1500 0
mpi_nma_channeldelay_1000ms 16 Modular 96.244 91683355.0 2.04996507375 2000 0
mpi_nma_channeldelay_1000ms 17 Modular 78.625 73683355.0 2.478306851 2500 0
mpi_nma_channeldelay_1000ms 18 Modular 66.059 61683355.0 2.92255112941 3000 0
mpi_nma_channeldelay_1000ms 19 Modular 56.692 53111929.0 3.3546949780999995 3500 0
mpi_nma_channeldelay_1000ms 20 Modular 50.908 46683355.0 3.7725473846149997 4000 0
mpi_nma_channeldelay_1000ms 21 Modular 45.704 41683357.0 4.142995121215 4500 0
mpi_nma_channeldelay_1000ms 22 Modular 41.699 37683355.0 4.525855636359999 5000 0
mpi_nma_channeldelay_1000ms 23 Modular 38.274 34410628.0 4.643196 5500 0
mpi_nma_channeldelay_1000ms 24 Modular 35.986000000000004 31683355.0 5.16363722222 6000 0
mpi_nma_channeldelay_1000ms 25 Modular 33.683 29375665.0 5.54766743056 6500 0
mpi_nma_channeldelay_1000ms 26 Modular 31.641 27397642.0 5.83638652778 7000 0
mpi_nma_channeldelay_1000ms 27 Modular 29.965 25683355.0 5.908593125 7500 0
mpi_nma_channeldelay_1000ms 28 Modular 28.68 24183355.0 6.4285675 8000 0
mpi_nma_channeldelay_1000ms 29 Modular 26.807000000000002 22859827.0 6.87361357143 8500 0
mpi_nma_channeldelay_1000ms 30 Modular 25.333 21683356.0 7.253666190475 9000 0
mpi_nma_channeldelay_1000ms 31 Modular 25.22 20630725.0 7.274964166665001 9500 0
mpi_nma_channeldelay_1000ms 32 Modular 24.272 19683355.0 7.499181547625 10000 0
mpi_nma_channeldelay_1000ms 33 Modular 18.146 13683355.0 9.693283000000001 15000 0
mpi_nma_channeldelay_1000ms 34 Modular 15.133 10683355.0 11.3389025 20000 0
mpi_nma_channeldelay_1000ms 35 Modular 12.551 8883355.0 13.768786666650001 25000 0
mpi_nma_channeldelay_1000ms 36 Modular 11.318999999999999 7683355.0 14.955596666649999 30000 0
mpi_nma_channeldelay_1000ms 0 Monolithic 285.16999999999996 601150016.0 0.7179992154485 100 0
mpi_nma_channeldelay_1000ms 1 Monolithic 128.195 301150016.0 1.56641467625 200 0
mpi_nma_channeldelay_1000ms 2 Monolithic 87.252 201150016.0 2.24392735273 300 0
mpi_nma_channeldelay_1000ms 3 Monolithic 68.374 151150016.0 2.83798086144 400 0
mpi_nma_channeldelay_1000ms 4 Monolithic 53.646 121150016.0 3.5486111758300005 500 0
mpi_nma_channeldelay_1000ms 5 Monolithic 46.29 101150016.0 3.8456645000050003 600 0
mpi_nma_channeldelay_1000ms 6 Monolithic 39.671 86864302.0 4.71457190909 700 0
mpi_nma_channeldelay_1000ms 7 Monolithic 36.108999999999995 76150016.0 5.15153122222 800 0
mpi_nma_channeldelay_1000ms 8 Monolithic 33.369 67816683.0 5.59123673611 900 0
mpi_nma_channeldelay_1000ms 9 Monolithic 30.404000000000003 61150016.0 6.17039041667 1000 0
mpi_nma_channeldelay_1000ms 10 Monolithic 28.154 55695471.0 6.519432142855001 1100 0
mpi_nma_channeldelay_1000ms 11 Monolithic 26.436999999999998 51150016.0 6.985544464285001 1200 0
mpi_nma_channeldelay_1000ms 12 Monolithic 24.201999999999998 47303863.0 7.513789166664999 1300 0
mpi_nma_channeldelay_1000ms 13 Monolithic 22.773 44007159.0 7.985052976195 1400 0
mpi_nma_channeldelay_1000ms 14 Monolithic 21.637 41150016.0 8.40371 1500 0
mpi_nma_channeldelay_1000ms 15 Monolithic 21.758000000000003 41150016.0 8.360624333330001 1500 0
mpi_nma_channeldelay_1000ms 16 Monolithic 17.689999999999998 31150016.0 10.12171825 2000 0
mpi_nma_channeldelay_1000ms 17 Monolithic 15.517 25150016.0 11.296261000000001 2500 0
mpi_nma_channeldelay_1000ms 18 Monolithic 13.147 21150016.0 13.24218666665 3000 0
mpi_nma_channeldelay_1000ms 19 Monolithic 12.424 18292874.0 13.86956166665 3500 0
mpi_nma_channeldelay_1000ms 20 Monolithic 11.158000000000001 16150016.0 15.1041375 4000 0
mpi_nma_channeldelay_1000ms 21 Monolithic 10.276 14483350.0 16.1791475 4500 0
mpi_nma_channeldelay_1000ms 22 Monolithic 9.64 13150016.0 17.47495 5000 0
mpi_nma_channeldelay_1000ms 23 Monolithic 9.102 12059107.0 18.4250416667 5500 0
mpi_nma_channeldelay_1000ms 24 Monolithic 9.243 11150016.0 18.173865 6000 0
mpi_nma_channeldelay_1000ms 25 Monolithic 8.55 10380786.0 19.511960000000002 6500 0
mpi_nma_channeldelay_1000ms 26 Monolithic 8.207 9721445.0 20.241115 7000 0
mpi_nma_channeldelay_1000ms 27 Monolithic 8.042 9150016.0 20.6102666667 7500 0
mpi_nma_channeldelay_1000ms 28 Monolithic 7.792 8650016.0 21.180425 8000 0
mpi_nma_channeldelay_1000ms 29 Monolithic 7.731 8208840.0 21.318305000000002 8500 0
mpi_nma_channeldelay_1000ms 30 Monolithic 7.452999999999999 7816683.0 21.9380566667 9000 0
mpi_nma_channeldelay_1000ms 31 Monolithic 7.425000000000001 7465806.0 22.006575 9500 0
mpi_nma_channeldelay_1000ms 32 Monolithic 7.382999999999999 7150016.0 22.160495 10000 0
mpi_nma_channeldelay_1000ms 33 Monolithic 6.398999999999999 5150016.0 24.79411 15000 0
mpi_nma_channeldelay_1000ms 34 Monolithic 6.4079999999999995 4150016.0 24.7046316667 20000 0
mpi_nma_channeldelay_1000ms 35 Monolithic 6.32 3550016.0 24.989383333299998 25000 0
mpi_nma_channeldelay_1000ms 36 Monolithic 6.314 3150016.0 25.0049666667 30000 0
